%YAML:1.0
ImageSize: [ 1080, 720 ]
reprojection_error: 1.8333936311735530e-01
camera_matrix: !!opencv-matrix
   rows: 3
   cols: 3
   dt: d
   data: [ 8.6955302212233869e+02, 0., 5.2076864848745902e+02, 0.,
       8.7317664932843684e+02, 4.0331768178896669e+02, 0., 0., 1. ]
distortion_coefficients: !!opencv-matrix
   rows: 5
   cols: 1
   dt: d
   data: [ -1.2844325433988565e-01, -1.3646926538980573e+00,
       -5.7263071423202944e-03, 5.7422957803983802e-03,
       5.9722099836744738e+00 ]
