%YAML:1.0
ImageSize: [ 640, 480 ]
reprojection_error: 1.1324355415748370e-01
camera_matrix: !!opencv-matrix
   rows: 3
   cols: 3
   dt: d
   data: [ 7.1305391967046853e+02, 0., 3.1172820723774367e+02, 0.,
       7.0564929862291285e+02, 2.5634470978315028e+02, 0., 0., 1. ]
distortion_coefficients: !!opencv-matrix
   rows: 5
   cols: 1
   dt: d
   data: [ 1.1911006165076067e-01, -1.0003366233413549e+00,
       1.9287903277399834e-02, -2.3728201444308114e-03,
       -2.8137265581326476e-01 ]
